3.91541259e-01 4.30433976e-01 7.66080669e-01 7.25032792e-01 7.74825321e-01 4.01038584e-01 5.68655786e-01 2.68060960e-01 2.84756920e-01 5.54431806e-01 6.01087642e-01 3.24412213e-01 4.69112319e-01 4.43525007e-01 5.82533440e-01
4.01992024e-01 3.97586910e-01 9.03801167e-01 4.39697108e-01 5.12057769e-01 5.82662358e-01 5.90354083e-01 6.03462903e-01 7.03947760e-01 5.35152772e-01 6.64868330e-01 6.52285710e-01 3.35532473e-01 8.58024939e-01 2.14891450e-01
3.72972849e-01 4.99147827e-01 5.22157230e-01 4.81237659e-01 5.27474216e-01 9.83619960e-01 3.92024602e-01 7.72994310e-01 9.19976920e-01 6.73456489e-01 8.02661698e-01 5.06757799e-01 4.13017862e-01 5.45496105e-01 4.56310487e-01
7.76320994e-01 3.68960693e-01 4.14219089e-01 4.56546884e-01 7.71816087e-01 8.58203385e-01 4.22165856e-01 5.96711951e-01 3.18815158e-01 2.00148465e-01 3.18747971e-01 5.77221189e-01 7.01309316e-01 5.42809658e-01 3.80960598e-01
4.61232678e-01 3.62608682e-01 4.74841448e-01 4.85411374e-01 1.25614617e+00 4.45557923e-01 6.61818620e-01 2.95127537e-01 4.81718242e-01 3.82175989e-01 9.19345913e-01 5.97383815e-01 2.57833475e-01 3.34304923e-01 4.79663064e-01
2.65943326e-01 5.00131023e-01 2.90214737e-01 7.57062441e-01 2.00488600e-01 4.42862241e-01 4.20319276e-01 6.20451495e-01 2.74798143e-01 5.42020916e-01 6.28910516e-01 5.74492146e-01 5.27123030e-01 4.43128273e-01 3.37469939e-01
5.44360249e-01 5.89498642e-01 2.86990032e-01 9.20384415e-01 5.70168774e-01 6.25560540e-01 2.54634136e-01 3.64145738e-01 3.19828348e-01 3.91742521e-01 2.95815518e-01 4.79451005e-01 5.16321771e-01 6.50691488e-01 3.08181339e-01
4.37440284e-01 9.41602846e-01 4.37111514e-01 4.94722429e-01 4.13002074e-01 3.22356462e-01 5.97910933e-01 3.88108794e-01 4.06898493e-01 9.99007779e-01 7.95142459e-01 4.90631106e-01 8.07101521e-01 7.56509701e-01 1.09856004e+00
3.70549072e-01 7.87828427e-01 4.25910475e-01 4.34539644e-01 2.62221843e-01 2.07514766e-01 3.50967234e-01 4.44884464e-01 8.92469392e-01 1.32365250e+00 7.28594742e-01 9.43256393e-01 3.63967638e-01 6.53343879e-01 4.61130244e-01
3.23487663e-01 4.82914392e-01 4.86043497e-01 3.23100921e-01 4.30065529e-01 1.12829535e+00 5.20499602e-01 5.58117681e-01 6.92468273e-01 7.80330496e-01 3.63772054e-01 5.61652128e-01 5.47351202e-01 4.14575485e-01 3.28488601e-01
7.74018320e-01 9.79772526e-01 4.26615516e-01 4.69284874e-01 2.81447034e-01 4.98959225e-01 5.31103880e-01 3.36337868e-01 3.30428886e-01 3.85932408e-01 5.57009726e-01 2.33798415e-01 7.23995333e-01 5.59272208e-01 6.52749975e-01
4.35127872e-01 3.78155334e-01 4.16390766e-01 5.25159859e-01 4.69338697e-01 6.47879025e-01 2.98061567e-01 5.19734420e-01 4.88193820e-01 2.45434801e-01 6.78865917e-01 3.09293847e-01 3.02242064e-01 8.60603430e-01 4.26690699e-01
2.88959737e-01 4.94167041e-01 3.83815573e-01 2.34418667e-01 5.47132841e-01 3.77591254e-01 4.05563857e-01 4.38925369e-01 3.43918913e-01 6.70983579e-01 2.83971095e-01 5.01011878e-01 4.52916172e-01 6.28791473e-01 4.08009050e-01
5.11687795e-01 5.89414261e-01 5.12687603e-01 5.31296290e-01 6.48002613e-01 3.41826391e-01 7.47063646e-01 9.90055806e-01 7.15045776e-01 3.12792364e-01 3.65213525e-01 2.73869414e-01 7.80067257e-01 3.75591355e-01 7.52602976e-01
5.10482725e-01 3.27460437e-01 4.05255286e-01 7.22550998e-01 5.49264861e-01 5.29481204e-01 5.85833853e-01 4.19109596e-01 4.28060902e-01 2.97420287e-01 4.77545114e-01 4.72260658e-01 3.45532033e-01 4.55504525e-01 1.05833587e+00
4.08679709e-01 3.26822324e-01 4.15816420e-01 7.04140707e-01 5.43968257e-01 5.43298278e-01 4.25053774e-01 3.07651621e-01 5.73929673e-01 5.73848672e-01 8.22845973e-01 3.34736663e-01 3.60521787e-01 5.41620593e-01 5.78545097e-01
3.39657026e-01 3.68142024e-01 4.79244420e-01 3.40370082e-01 2.90828694e-01 7.53133366e-01 2.20400775e-01 6.39995776e-01 3.41598898e-01 3.40342675e-01 2.58567644e-01 3.37892227e-01 3.11810439e-01 2.65123332e-01 7.50655632e-01
2.40140542e-01 4.51193197e-01 5.42064762e-01 7.62066338e-01 5.99243490e-01 6.71158217e-01 2.16456679e-01 4.05572835e-01 5.08011662e-01 2.08930317e-01 3.20660744e-01 7.19915245e-01 5.06679236e-01 5.37382694e-01 5.96389845e-01
3.53495362e-01 3.65397327e-01 5.32719195e-01 3.91406121e-01 7.54033364e-01 8.09729381e-01 7.32876312e-01 6.66922051e-01 4.84075147e-01 4.30601315e-01 8.61175003e-01 7.87616129e-01 5.08679970e-01 6.77055716e-01 2.70970951e-01
6.02492874e-01 2.95839999e-01 4.63403781e-01 3.86496658e-01 6.24770663e-01 2.26757987e-01 6.67240118e-01 8.40503398e-01 4.91708919e-01 3.10438675e-01 5.88824530e-01 3.93292149e-01 3.81708674e-01 7.95208458e-01 6.29403820e-01
2.33819155e-01 6.21610130e-01 4.47153730e-01 3.59964435e-01 3.88498564e-01 5.06441775e-01 7.96520458e-01 3.10100628e-01 4.45042237e-01 5.27164403e-01 3.14823752e-01 7.15955961e-01 3.74229616e-01 6.44913195e-01 6.75654017e-01
5.71690343e-01 3.60729948e-01 3.80432399e-01 3.95118506e-01 7.90015653e-01 2.62168608e-01 4.91939387e-01 4.75020798e-01 3.44116920e-01 5.15004259e-01 3.01939635e-01 6.75527149e-01 3.38806721e-01 4.76609170e-01 3.41776582e-01
5.78901972e-01 3.35587184e-01 3.98146608e-01 5.40364165e-01 4.79124229e-01 5.71918325e-01 5.08860263e-01 4.64635103e-01 4.97655150e-01 7.23571185e-01 3.91309963e-01 6.08526469e-01 4.34033642e-01 4.36979946e-01 4.22794015e-01
7.25808493e-01 5.31257819e-01 4.01798008e-01 3.84302189e-01 6.75841777e-01 2.97363765e-01 3.90144838e-01 5.34262145e-01 4.63491556e-01 4.69837995e-01 8.60803177e-01 4.11181242e-01 3.74675231e-01 1.87917058e-01 8.64609960e-01
4.05572399e-01 3.25157869e-01 4.72088075e-01 1.99294636e-01 9.19135008e-01 5.10445302e-01 3.93231694e-01 3.21625087e-01 1.96039986e-01 4.76436596e-01 5.12925636e-01 2.62638205e-01 3.11419193e-01 3.37840069e-01 2.99449837e-01
9.14471401e-01 5.96449445e-01 8.95335188e-01 5.37740752e-01 4.08087694e-01 2.42233060e-01 8.14731512e-01 4.19088804e-01 5.52939809e-01 4.06374355e-01 5.93635802e-01 6.27991900e-01 3.48716994e-01 5.88623466e-01 4.99778050e-01
2.23988306e-01 4.01764166e-01 6.17221660e-01 3.22094378e-01 4.94765182e-01 5.20213891e-01 5.71142899e-01 3.46628942e-01 3.12773194e-01 7.08791679e-01 7.90333232e-01 3.57152206e-01 8.18946126e-01 3.66980206e-01 4.81545698e-01
4.76302643e-01 6.04884309e-01 4.45809501e-01 4.63524184e-01 3.28815191e-01 5.51811852e-01 6.95436392e-01 7.66299703e-01 3.89216530e-01 3.64997028e-01 3.26135245e-01 9.53224216e-01 4.19292079e-01 4.58582296e-01 6.37594760e-01
2.75193049e-01 4.28505128e-01 5.56385060e-01 4.56074037e-01 4.00421460e-01 6.16505784e-01 6.68647514e-01 3.01577805e-01 4.22723031e-01 6.79125626e-01 2.55607903e-01 4.00779196e-01 6.13442583e-01 2.66597294e-01 4.85185431e-01
5.18885730e-01 3.01642204e-01 5.05999102e-01 6.14374127e-01 4.46459596e-01 9.95056803e-01 5.98244899e-01 4.45687568e-01 4.84323910e-01 3.59414189e-01 4.25980981e-01 5.44137256e-01 4.51866310e-01 7.13974746e-01 5.58574028e-01
4.60821056e-01 6.42693591e-01 4.49315606e-01 5.93188417e-01 5.86875700e-01 6.61967726e-01 1.09404914e+00 2.85508581e-01 8.32331643e-01 5.89824571e-01 5.26835899e-01 4.82669507e-01 2.31106234e-01 6.71576232e-01 3.79547407e-01
3.25938491e-01 1.65855486e-01 3.90091363e-01 3.22141646e-01 3.45075689e-01 5.35965790e-01 4.23502465e-01 3.33975927e-01 5.65912664e-01 3.69560097e-01 3.37053667e-01 4.88951428e-01 4.19878289e-01 4.26932232e-01 7.64267790e-01
4.23564231e-01 5.64454268e-01 5.02190777e-01 2.62575177e-01 4.31499020e-01 4.15831770e-01 4.46374012e-01 6.79522141e-01 6.30544013e-01 4.82442412e-01 4.56325910e-01 1.04661840e+00 3.22801627e-01 3.21692757e-01 9.52600506e-01
3.80144303e-01 2.92794085e-01 2.90534025e-01 6.51331859e-01 4.97177183e-01 5.12219889e-01 5.00365234e-01 4.17471802e-01 6.90236318e-01 5.59274340e-01 1.15318450e+00 2.75451607e-01 3.00998945e-01 7.90960026e-01 2.81757675e-01
7.66009282e-01 3.56322111e-01 4.14670476e-01 6.02214380e-01 3.24820638e-01 1.08358570e+00 1.16923426e+00 3.34222921e-01 6.47118876e-01 3.18907833e-01 4.82487012e-01 1.95089854e+00 3.41952029e-01 3.90020550e-01 3.94698249e-01
4.13886774e-01 7.68987988e-01 5.87183854e-01 1.99634836e-01 4.97661353e-01 3.02852382e-01 4.18470523e-01 4.46363015e-01 4.49462404e-01 2.68772727e-01 4.64136063e-01 4.36009842e-01 8.23342580e-01 4.26847650e-01 3.79335851e-01
8.61391918e-01 9.73184447e-01 5.17715358e-01 2.69884110e-01 1.24619753e+00 5.24596726e-01 4.32178916e-01 8.39885933e-01 6.19315115e-01 3.75884212e-01 6.29768752e-01 4.06960986e-01 3.02853046e-01 2.82929106e-01 4.87406140e-01
2.95269845e-01 5.82934550e-01 3.34312239e-01 4.89145890e-01 4.29906565e-01 4.63539918e-01 6.72070273e-01 6.02479923e-01 2.59538060e-01 3.43592416e-01 4.15075581e-01 7.33653727e-01 2.67752955e-01 4.22485474e-01 7.15589034e-01
6.25370154e-01 4.09562523e-01 4.32149245e-01 4.48621538e-01 8.28194269e-01 4.74215087e-01 5.41261267e-01 3.45883327e-01 3.91102911e-01 5.33296686e-01 3.75642878e-01 2.58478645e-01 5.21972966e-01 7.10089367e-01 4.49006385e-01
6.05547230e-01 3.26759492e-01 3.57374708e-01 4.56456810e-01 8.49589244e-01 4.49595656e-01 4.99119177e-01 7.62103052e-01 6.15720812e-01 5.38788802e-01 1.77081158e-01 2.83776905e-01 6.68561864e-01 1.86024765e-01 2.86244113e-01
1.20710156e+00 7.94123809e-01 7.83558310e-01 1.01359463e+00 3.17436037e-01 4.00370013e-01 3.65444332e-01 6.43203795e-01 5.94384020e-01 5.77321921e-01 4.18327316e-01 3.71052995e-01 4.57262643e-01 3.11128299e-01 5.06699455e-01
3.94847426e-01 5.10710391e-01 5.25822602e-01 5.25213738e-01 3.50680402e-01 5.82115785e-01 5.82220623e-01 2.84057611e-01 4.90316018e-01 4.73415395e-01 3.73540533e-01 5.98633520e-01 4.16718669e-01 4.84969940e-01 2.68924990e-01
5.50188511e-01 3.66759906e-01 7.90765601e-01 3.83845362e-01 9.09321345e-01 3.91029382e-01 7.26891527e-01 3.36304463e-01 2.35128932e-01 3.91307517e-01 3.84697459e-01 4.11359302e-01 7.10777200e-01 5.88558164e-01 2.83821831e-01
6.12591635e-01 4.13885171e-01 5.06950232e-01 3.02666262e-01 4.70124893e-01 2.28646362e-01 3.58457770e-01 2.72873923e-01 1.99513393e-01 6.38195328e-01 3.03901895e-01 8.26332693e-01 3.90991474e-01 4.83998315e-01 4.30785158e-01
3.80073742e-01 3.53297577e-01 1.97245942e-01 4.95878417e-01 6.83656565e-01 4.27581329e-01 8.29580967e-01 6.89575858e-01 4.82942855e-01 7.29822761e-01 4.75395248e-01 3.24276287e-01 3.34676146e-01 6.91315407e-01 4.47980020e-01
5.20923569e-01 1.74851189e-01 3.56795766e-01 3.38068405e-01 3.70951410e-01 4.82705991e-01 4.35100686e-01 6.28473759e-01 4.35892896e-01 9.47719878e-01 5.99866583e-01 7.28895561e-01 5.84232425e-01 3.03890294e-01 7.70921588e-01
2.82889672e-01 2.74625844e-01 3.60580410e-01 3.56993756e-01 5.36787764e-01 4.97062440e-01 6.21988943e-01 3.29010773e-01 4.22804387e-01 5.21870902e-01 2.99173514e-01 1.38399615e+00 2.53881523e-01 3.23070099e-01 5.05257804e-01
4.72891858e-01 4.50639827e-01 5.56460782e-01 9.56654620e-01 3.96763072e-01 3.28839090e-01 5.49951565e-01 5.99981970e-01 5.00192968e-01 6.87536158e-01 3.63537644e-01 6.43370940e-01 3.11464628e-01 6.25141655e-01 2.16583767e-01
6.70336379e-01 7.67123985e-01 4.35652496e-01 6.60119055e-01 6.32719657e-01 4.27716153e-01 3.60055708e-01 1.27000150e+00 2.61883349e-01 9.15732516e-01 3.64204397e-01 3.31738972e-01 2.82238826e-01 4.48182655e-01 4.88214213e-01
1.83499009e-01 3.78995665e-01 4.14019932e-01 3.09464651e-01 3.38746843e-01 4.31546538e-01 3.48757007e-01 6.80096649e-01 4.88725379e-01 2.83100277e-01 3.02845370e-01 6.58967420e-01 4.00238525e-01 5.71792122e-01 6.31788895e-01
3.91775132e-01 5.83199791e-01 4.31027509e-01 8.11985797e-01 2.61340309e-01 3.74600909e-01 3.63872964e-01 3.12927519e-01 5.62877828e-01 4.93651030e-01 6.60707725e-01 2.20830365e-01 5.00120714e-01 2.28037594e-01 3.93214134e-01
7.28403418e-01 5.40225879e-01 4.94150332e-01 3.70938986e-01 5.08280068e-01 4.29691067e-01 5.08736636e-01 2.61989758e-01 7.60470890e-01 3.24193942e-01 3.07422965e-01 8.31789615e-01 2.55735068e-01 3.92738999e-01 6.20471304e-01
2.87739265e-01 4.55222039e-01 7.33033738e-01 7.99616819e-01 6.97096735e-01 6.06738486e-01 2.31769727e-01 5.55238898e-01 6.03234295e-01 4.05362663e-01 6.24553249e-01 3.88315980e-01 2.31761618e-01 3.20458989e-01 3.81289046e-01
3.97365285e-01 6.39459870e-01 5.15796020e-01 2.86345023e-01 4.71565535e-01 3.82666230e-01 4.29438943e-01 4.08667577e-01 5.74766457e-01 5.71711092e-01 5.87156489e-01 3.41637298e-01 4.99494490e-01 3.16654905e-01 2.58322467e-01
5.29000209e-01 4.41508435e-01 6.56183885e-01 7.32083608e-01 5.25719887e-01 4.65034708e-01 7.06789076e-01 4.52623367e-01 2.70210225e-01 3.72881970e-01 4.81469440e-01 8.08554137e-01 2.55528073e-01 8.94975042e-01 3.38545408e-01
1.40438252e+00 2.82863964e-01 3.76592706e-01 4.67903517e-01 9.72408387e-01 4.67578481e-01 5.22768370e-01 3.34211329e-01 5.85381211e-01 7.17989792e-01 3.29556601e-01 7.75617204e-01 2.95745456e-01 5.68535117e-01 3.72138738e-01
5.30227379e-01 6.34679574e-01 3.13905408e-01 3.70559329e-01 4.83369236e-01 2.68449073e-01 7.75001265e-01 2.35061208e-01 3.95923150e-01 3.44690854e-01 8.42377349e-01 3.38373622e-01 4.56438927e-01 2.84768731e-01 6.79385660e-01
3.81426293e-01 3.55243458e-01 9.19634907e-01 7.26092786e-01 4.31772050e-01 4.18157707e-01 6.01924152e-01 8.77112672e-01 7.20757794e-01 5.83999244e-01 4.79476151e-01 6.69581810e-01 3.69319499e-01 4.58707348e-01 3.53141929e-01
4.31897798e-01 3.97278879e-01 5.98350448e-01 3.92664690e-01 3.60354052e-01 2.11827215e-01 1.03045807e+00 3.34252446e-01 3.16249478e-01 4.05521817e-01 8.33295189e-01 1.57790620e-01 2.42660667e-01 8.29664925e-01 2.81980895e-01
4.66187679e-01 9.03632975e-01 3.57347421e-01 4.58776498e-01 5.03696632e-01 3.00026844e-01 4.08160692e-01 7.22005015e-01 3.78964224e-01 5.36467524e-01 3.57323087e-01 5.46583335e-01 4.55930745e-01 5.72241933e-01 5.28710697e-01
8.59265696e-01 7.41747988e-01 3.21497642e-01 2.38805303e-01 7.94587033e-01 6.41078548e-01 5.45646372e-01 6.86382545e-01 7.87512069e-01 4.66970924e-01 8.13637066e-01 3.35527706e-01 6.51617627e-01 6.11002089e-01 3.70956530e-01
6.89783848e-01 3.41236607e-01 2.57036934e-01 5.47207197e-01 4.15774928e-01 2.88622837e-01 5.74066121e-01 9.73432820e-01 2.60966007e-01 9.35699687e-01 5.59444746e-01 3.69613573e-01 2.61788219e-01 4.13412823e-01 3.84264751e-01
2.59871264e-01 1.08297808e+00 5.02001734e-01 5.43433890e-01 7.57104035e-01 3.16388388e-01 3.24901773e-01 5.04326606e-01 6.62462565e-01 4.89181692e-01 6.99439298e-01 3.68903198e-01 3.64973865e-01 2.83841844e-01 3.73978039e-01
5.98051909e-01 2.57810528e-01 9.43546887e-01 3.04989755e-01 2.76622281e-01 8.71489437e-01 8.34559860e-01 4.31191601e-01 2.34802284e-01 2.71335751e-01 6.02296062e-01 4.33181686e-01 4.44610336e-01 2.63609198e-01 3.39995346e-01
4.07423015e-01 4.75770385e-01 1.19848203e+00 2.91143650e-01 6.43957459e-01 6.72323968e-01 4.75556327e-01 3.90471628e-01 4.68103488e-01 3.49420207e-01 2.88282197e-01 4.52524774e-01 5.06658447e-01 3.46480089e-01 4.60929917e-01
2.59868917e-01 6.55854685e-01 3.05509104e-01 6.80837162e-01 3.88637230e-01 4.50197433e-01 4.39870826e-01 2.49357584e-01 2.63155797e-01 3.16738612e-01 6.02962454e-01 7.62364575e-01 4.86753817e-01 3.72877213e-01 4.67466691e-01
3.26441118e-01 6.68302549e-01 7.94408748e-01 4.33011489e-01 4.59219566e-01 4.32079351e-01 3.53305433e-01 4.68611516e-01 5.49559803e-01 3.80966181e-01 1.80666488e-01 3.76496502e-01 2.72157729e-01 4.18404973e-01 2.88434856e-01
4.88353174e-01 5.98675107e-01 4.68443814e-01 6.22266063e-01 3.41280459e-01 4.56279143e-01 1.01336720e+00 5.67103137e-01 5.76754316e-01 3.68303417e-01 6.59367007e-01 4.76102930e-01 5.08675602e-01 7.31917107e-01 1.00311893e+00
2.62515053e-01 5.64158323e-01 5.95251839e-01 2.15730980e-01 5.43452810e-01 7.34702388e-01 6.03375334e-01 5.14785983e-01 6.19611025e-01 5.29143332e-01 4.40302208e-01 5.97147723e-01 3.07472739e-01 8.81099637e-01 3.79156175e-01
6.47998676e-01 3.17716829e-01 7.55173931e-01 7.27509486e-01 4.98733027e-01 3.85003396e-01 2.74324232e-01 3.06942337e-01 3.90690415e-01 4.69510789e-01 5.70179398e-01 4.89725035e-01 9.28744078e-01 3.74929555e-01 9.16791745e-01
3.34455025e-01 5.59029556e-01 4.69026775e-01 5.57731520e-01 2.30089537e-01 8.05464480e-01 9.70124085e-01 8.29790162e-01 2.80387212e-01 5.24699427e-01 5.05177201e-01 4.89169662e-01 2.71602732e-01 2.26691547e-01 7.91371735e-01
4.84153612e-01 4.37754973e-01 5.02337587e-01 2.55724848e-01 7.47161806e-01 7.97566764e-01 6.38369776e-01 2.66039352e-01 3.43957726e-01 5.00766536e-01 1.05690931e+00 4.88313674e-01 4.12598527e-01 3.53755301e-01 4.59948722e-01
2.58122560e-01 2.62255162e-01 5.39067906e-01 2.34662174e-01 3.29304167e-01 6.35514466e-01 9.88099739e-01 5.22105018e-01 2.79997049e-01 5.32868530e-01 7.71362205e-01 2.88889598e-01 3.80955247e-01 3.36703372e-01 7.24409128e-01
6.17161119e-01 5.50545252e-01 5.25353808e-01 4.70495323e-01 3.60618746e-01 2.48885194e-01 6.65935008e-01 6.68013783e-01 9.81981095e-01 6.19170487e-01 3.41463812e-01 3.40130025e-01 2.43686351e-01 3.15791805e-01 3.76515952e-01
7.74069723e-01 4.76833461e-01 6.84140989e-01 5.62550630e-01 3.87895231e-01 2.23693066e-01 5.32673544e-01 6.07115462e-01 6.47209722e-01 3.98267844e-01 2.85673127e-01 2.85321759e-01 4.07783379e-01 4.72324234e-01 5.39295027e-01
5.25205899e-01 7.75476909e-01 5.86331058e-01 5.85166293e-01 3.53549480e-01 4.93196009e-01 7.43689984e-01 5.55682638e-01 4.91700943e-01 7.51162132e-01 5.02731784e-01 5.11562237e-01 8.05379594e-01 3.67144688e-01 6.68513700e-01
4.96338386e-01 7.16676983e-01 4.40441997e-01 3.10685144e-01 4.29916805e-01 9.29077534e-01 3.68066888e-01 4.87099488e-01 3.72705089e-01 3.81369112e-01 8.39139516e-01 6.28118386e-01 5.87650853e-01 4.71567784e-01 1.09470996e+00
8.88256969e-01 8.01988154e-01 6.94442643e-01 4.31356814e-01 4.52362319e-01 3.04285699e-01 6.51211218e-01 5.27219357e-01 3.44754615e-01 6.05101156e-01 4.59865924e-01 4.53275902e-01 2.94850364e-01 3.74518955e-01 3.99980541e-01
3.66830199e-01 2.97094647e-01 5.22045806e-01 3.75386644e-01 3.96781147e-01 6.52096747e-01 2.53994776e-01 4.31115639e-01 3.52130676e-01 1.11830556e+00 5.79873235e-01 7.62075640e-01 4.44804886e-01 5.94307083e-01 5.25490917e-01
5.54669537e-01 3.05318068e-01 3.08686092e-01 6.98158242e-01 4.44952911e-01 3.37718922e-01 1.72946295e-01 3.65008177e-01 2.65987959e-01 5.10896310e-01 4.86006355e-01 2.95033120e-01 4.05694800e-01 4.07893559e-01 2.98610041e-01
6.66075990e-01 8.75210628e-01 5.13716593e-01 8.65708046e-01 7.04907675e-01 5.00826557e-01 7.38549755e-01 2.57373141e-01 3.49930520e-01 5.88075039e-01 5.39839118e-01 5.07036655e-01 5.31343552e-01 5.02867656e-01 6.05206510e-01
3.20732786e-01 2.74100545e-01 8.86234032e-01 2.85544273e-01 5.42520688e-01 4.83829620e-01 3.92623934e-01 8.06012816e-01 5.89401872e-01 3.41540436e-01 4.55326267e-01 5.32240958e-01 4.24193573e-01 4.04442794e-01 5.62083035e-01
1.01721797e+00 1.03333304e+00 5.51400810e-01 7.20253012e-01 6.14583299e-01 4.00252247e-01 4.93439935e-01 6.79006385e-01 7.65750944e-01 1.08959305e+00 7.52040064e-01 2.90778703e-01 2.64441523e-01 3.75732726e-01 4.45472633e-01
2.62503934e-01 7.17980142e-01 8.93296957e-01 5.13211880e-01 6.62344131e-01 3.00831111e-01 3.03023667e-01 5.04681231e-01 5.05880782e-01 6.02267951e-01 2.38998029e-01 8.05320940e-01 5.51569727e-01 5.61292442e-01 5.53734562e-01
5.56529795e-01 3.79206381e-01 5.72135464e-01 3.50183744e-01 5.77226392e-01 4.46479666e-01 2.63306205e-01 3.92797318e-01 7.43710060e-01 4.06339123e-01 3.40986780e-01 4.23690369e-01 3.22211194e-01 4.72434689e-01 3.81183359e-01
5.02656800e-01 5.30696444e-01 1.74697151e-01 5.35098452e-01 6.04136294e-01 3.29429056e-01 3.35876899e-01 8.84758068e-01 5.08825367e-01 4.11716807e-01 8.12401717e-01 7.81841860e-01 6.68369996e-01 5.94516097e-01 7.79300479e-01
3.23885384e-01 2.48803364e-01 4.27691823e-01 4.04050862e-01 1.00581010e+00 3.60775619e-01 4.76886626e-01 3.70258606e-01 3.94353358e-01 9.91048043e-01 4.68834929e-01 5.25776548e-01 6.41846621e-01 4.15533590e-01 4.38535947e-01
4.22395795e-01 4.80209816e-01 5.07223819e-01 5.32586955e-01 4.56699283e-01 4.54157003e-01 5.56016895e-01 7.84933314e-01 8.48094073e-01 7.89884663e-01 2.27607753e-01 4.52554282e-01 3.40004676e-01 4.18843826e-01 5.10025641e-01
5.12744247e-01 3.75340777e-01 3.60757512e-01 9.21459963e-01 7.04616701e-01 3.71312581e-01 3.15684868e-01 6.57778468e-01 4.13041245e-01 3.69035397e-01 3.55860029e-01 5.01265997e-01 7.09885740e-01 5.12453830e-01 4.52258911e-01
5.82660646e-01 2.79266940e-01 8.01771589e-01 1.13534627e+00 4.76587849e-01 7.34181589e-01 3.36158185e-01 4.52445865e-01 6.32978181e-01 3.81030239e-01 3.27268256e-01 5.77969501e-01 2.45102920e-01 4.65170251e-01 7.90677402e-01
4.03321215e-01 6.39301750e-01 2.68633259e-01 2.44261108e-01 3.82182122e-01 5.64343418e-01 4.07365313e-01 5.49161716e-01 5.16059303e-01 3.51384256e-01 5.95981360e-01 5.18533624e-01 3.07689776e-01 4.56410453e-01 2.29253205e-01
3.30433165e-01 4.40395724e-01 4.56950018e-01 4.82329381e-01 8.18565945e-01 3.23114021e-01 2.67819716e-01 8.13534270e-01 3.67517543e-01 3.86447494e-01 2.97078760e-01 1.38311215e+00 3.51609183e-01 2.38289769e-01 6.52982982e-01
7.54199565e-01 1.04631276e+00 2.53983572e-01 8.33678981e-01 2.90661587e-01 3.69149541e-01 3.37110442e-01 5.61239696e-01 4.29109117e-01 5.38441059e-01 5.75594358e-01 2.82068099e-01 2.74020407e-01 4.67642704e-01 5.91752037e-01
1.02134983e+00 1.03410272e+00 5.75042335e-01 3.16073469e-01 5.31899638e-01 4.14873531e-01 4.83027474e-01 5.08592890e-01 3.38960371e-01 4.60129714e-01 3.80713389e-01 4.43838141e-01 7.84190266e-01 3.04583709e-01 6.06946015e-01
4.47954639e-01 5.94842334e-01 6.60660976e-01 3.33115003e-01 3.56732692e-01 2.60991260e-01 2.65682051e-01 4.23197177e-01 4.06091050e-01 5.96907147e-01 5.32905678e-01 8.17815100e-01 3.97991587e-01 4.40907799e-01 3.27771557e-01
4.70904353e-01 3.49526193e-01 3.18760938e-01 4.26471942e-01 4.94108263e-01 6.09939493e-01 8.74878587e-01 8.00188011e-01 7.11028057e-01 8.52309379e-01 3.11861730e-01 4.04698964e-01 4.04803430e-01 3.13789204e-01 3.32957702e-01
6.11625668e-01 5.48440479e-01 7.13237124e-01 2.11946168e-01 3.90311762e-01 4.58990900e-01 4.99682024e-01 3.63852172e-01 3.81670142e-01 5.28940806e-01 8.09775170e-01 3.38056770e-01 4.83576241e-01 4.26263322e-01 5.08462600e-01
5.34785076e-01 5.08286287e-01 4.46080386e-01 3.29026504e-01 2.38804325e-01 3.53129466e-01 3.01841866e-01 6.93585563e-01 3.24661338e-01 2.11782099e-01 6.15149988e-01 5.12354588e-01 3.54998880e-01 7.82392597e-01 4.88096800e-01
5.05997591e-01 5.57771630e-01 3.27832469e-01 4.23826050e-01 7.71336051e-01 5.66291696e-01 4.74841691e-01 2.34815298e-01 5.58540897e-01 3.98585046e-01 5.97013220e-01 6.52686054e-01 6.46541933e-01 3.21535850e-01 3.04442671e-01
8.53314262e-01 5.40089303e-01 8.86542660e-01 6.39202655e-01 7.22193187e-01 4.75270920e-01 4.79824860e-01 3.84963330e-01 3.70986116e-01 3.96206406e-01 4.78302554e-01 4.17793825e-01 6.31956212e-01 2.72767485e-01 3.65612991e-01
4.83228187e-01 6.27350250e-01 8.40000556e-01 5.51809169e-01 3.17166296e-01 5.93506238e-01 6.69470287e-01 4.95444848e-01 4.99564707e-01 8.71409512e-01 4.54832116e-01 5.07079550e-01 3.13733064e-01 3.42500494e-01 5.97954593e-01
4.57467141e-01 8.38829515e-01 2.83281106e-01 2.36825193e-01 3.39982898e-01 4.11126170e-01 3.94156209e-01 5.38375320e-01 5.16846164e-01 4.84070390e-01 3.07908465e-01 6.85554422e-01 4.73994363e-01 5.50629414e-01 6.69775232e-01
2.06598894e-01 5.75685118e-01 4.16681290e-01 1.78722023e-01 6.68615876e-01 6.42267163e-01 2.66601122e-01 4.81050665e-01 1.05272666e+00 4.21655027e-01 2.92048681e-01 4.91530666e-01 3.59266524e-01 6.07812151e-01 8.75599840e-01
5.88068861e-01 5.73516543e-01 3.61400990e-01 5.15533662e-01 5.62906350e-01 8.50679469e-01 6.29868182e-01 4.51070801e-01 4.15540972e-01 7.58101534e-01 3.25669520e-01 4.34031323e-01 6.33142658e-01 2.24135404e-01 7.70255191e-01
5.19045125e-01 4.12326531e-01 3.86770009e-01 1.79348353e-01 8.98381477e-01 5.74450875e-01 5.08174587e-01 3.84126193e-01 5.83184569e-01 4.91480914e-01 3.76008678e-01 7.98968475e-01 5.00774437e-01 6.20807620e-01 5.82318801e-01
6.24048109e-01 7.00236815e-01 6.60918064e-01 2.97450456e-01 4.25777049e-01 2.89824475e-01 8.80497974e-01 4.37138193e-01 6.92203592e-01 5.68968209e-01 4.22238586e-01 6.05105909e-01 5.27867076e-01 5.16999863e-01 6.20762664e-01
4.15922989e-01 8.87110776e-01 1.97064389e-01 4.91422224e-01 3.04080375e-01 2.90537506e-01 3.29076266e-01 6.03056596e-01 5.01501991e-01 6.19498190e-01 5.16924582e-01 7.78402084e-01 6.42680294e-01 2.73758355e-01 6.74606390e-01
4.65420628e-01 3.33960685e-01 5.44015586e-01 5.34020881e-01 4.29620504e-01 4.31687242e-01 5.61414357e-01 3.93871112e-01 2.58340629e-01 6.44532482e-01 8.93750268e-01 6.85602662e-01 3.27095012e-01 1.87308370e-01 5.86214579e-01
6.47863272e-01 3.87298811e-01 3.81560583e-01 3.99961920e-01 5.56143906e-01 2.89667568e-01 5.93541150e-01 6.83462348e-01 3.28953338e-01 4.57028271e-01 4.16091497e-01 5.25517417e-01 8.82181845e-01 4.58798745e-01 4.53538399e-01
8.61490547e-01 1.10575641e+00 3.74589482e-01 2.94405685e-01 5.55081114e-01 1.12612848e+00 4.75766554e-01 2.90752318e-01 4.81517603e-01 5.13650101e-01 4.45447283e-01 2.69347487e-01 2.55835005e-01 5.71832262e-01 8.84618408e-01
2.38163969e-01 5.79724842e-01 6.72280564e-01 5.97442049e-01 4.68943166e-01 2.83926019e-01 5.84478968e-01 6.12068938e-01 5.83771605e-01 2.67485140e-01 4.32915784e-01 4.46422227e-01 7.03036195e-01 5.21580206e-01 3.24772701e-01
2.97913077e-01 4.43958305e-01 5.95642308e-01 3.35080083e-01 3.27342802e-01 7.36905294e-01 4.11131876e-01 3.07634837e-01 2.55679929e-01 5.41582476e-01 3.90352846e-01 2.46311195e-01 2.46614956e-01 7.66964621e-01 4.09779744e-01
2.86467537e-01 2.00827391e-01 3.38392040e-01 4.10093838e-01 5.03656424e-01 3.24089550e-01 5.00673101e-01 3.48358465e-01 5.48641525e-01 2.53001686e-01 5.12133865e-01 9.66522517e-01 4.69105839e-01 3.41171747e-01 3.60279081e-01
3.00718003e-01 7.17931737e-01 4.00493910e-01 5.66671796e-01 3.63958591e-01 3.60313930e-01 5.84464219e-01 4.79177816e-01 8.42175808e-01 8.33583252e-01 3.25882561e-01 3.49308594e-01 5.69138719e-01 5.80071272e-01 2.71775046e-01
6.07658215e-01 6.12899597e-01 6.47686577e-01 5.51764382e-01 6.40433856e-01 8.17298928e-01 5.71105620e-01 6.01345210e-01 3.88044369e-01 6.88130441e-01 8.05605448e-01 3.67644180e-01 3.66016149e-01 5.12639092e-01 7.37306617e-01
2.31685740e-01 6.43046864e-01 1.05540088e+00 3.09681389e-01 3.06560984e-01 6.18492738e-01 3.82173477e-01 4.24516846e-01 4.05911593e-01 2.65850117e-01 6.38979111e-01 5.28312886e-01 4.89270312e-01 6.73732452e-01 7.87785321e-01
7.44177821e-01 2.47580172e-01 3.26559426e-01 5.99142994e-01 5.99862000e-01 8.45732904e-01 5.41862507e-01 3.42759794e-01 7.57945918e-01 1.03182424e+00 5.22684062e-01 5.94301285e-01 5.35858150e-01 3.04882834e-01 3.68654643e-01
5.06935390e-01 3.40377684e-01 2.56614072e-01 3.44030874e-01 3.07687084e-01 7.00946115e-01 4.64552664e-01 6.03195250e-01 3.46258712e-01 2.95563306e-01 5.81335544e-01 2.55974375e-01 5.72705668e-01 6.54889595e-01 4.52679181e-01
5.03832146e-01 3.95118242e-01 3.14038445e-01 6.20546177e-01 2.79612576e-01 3.46589424e-01 4.81924575e-01 2.88022151e-01 5.46610368e-01 8.27699440e-01 4.23512649e-01 3.43844597e-01 6.61234700e-01 7.35873185e-01 4.57240120e-01
4.43410100e-01 5.06963206e-01 4.40174879e-01 7.04199511e-01 3.65512927e-01 7.71335180e-01 3.54487392e-01 6.69725726e-01 3.77719294e-01 3.07455145e-01 2.93901873e-01 3.89853715e-01 4.24298932e-01 2.44892391e-01 7.50687212e-01
7.93533968e-01 4.91690306e-01 4.20628779e-01 4.52208965e-01 3.17136220e-01 4.74479785e-01 2.60987006e-01 3.90148523e-01 2.06554809e-01 3.04831642e-01 4.79791037e-01 6.01556907e-01 6.83325933e-01 6.25218699e-01 6.42143181e-01
3.18730566e-01 6.98786554e-01 4.89220056e-01 3.75404221e-01 6.33043638e-01 3.23391544e-01 2.73038179e-01 5.76885180e-01 4.83330480e-01 3.87228246e-01 8.72444111e-01 1.10404984e+00 6.47341640e-01 2.76462044e-01 4.93324371e-01
6.02187494e-01 3.54811378e-01 4.24252184e-01 7.81387999e-01 7.31782245e-01 7.27876122e-01 1.21306162e+00 5.09917758e-01 4.54466430e-01 3.23703551e-01 5.58770567e-01 4.82727295e-01 7.18545017e-01 3.29630790e-01 3.38474581e-01
4.51679251e-01 5.50824241e-01 6.15128571e-01 2.04221245e-01 6.48617005e-01 2.71557951e-01 6.56841495e-01 4.82310089e-01 3.88132937e-01 4.08056266e-01 3.25805191e-01 5.44031991e-01 7.30376001e-01 3.59141447e-01 9.37925008e-01
7.26877842e-01 5.82729121e-01 2.95035414e-01 2.56995366e-01 8.62349728e-01 6.69230110e-01 7.68973684e-01 2.76510794e-01 1.06511661e+00 4.13722885e-01 3.54213964e-01 6.53399469e-01 6.73550427e-01 4.93743353e-01 6.63663637e-01
3.75739985e-01 4.66214610e-01 3.62781228e-01 6.38229665e-01 4.53489483e-01 4.18976116e-01 5.26140956e-01 4.85375631e-01 4.70521973e-01 3.47752910e-01 4.44791066e-01 3.52378127e-01 6.75620684e-01 6.97164607e-01 5.44536178e-01
5.88402535e-01 4.03705474e-01 3.25092594e-01 9.04294713e-01 6.65100520e-01 6.29182546e-01 5.68701517e-01 5.59729815e-01 4.36703139e-01 8.97350855e-01 4.55138145e-01 3.71334960e-01 3.44595634e-01 3.86177271e-01 4.59492127e-01
7.10435737e-01 3.51012525e-01 7.31696162e-01 5.31980158e-01 2.38942820e-01 4.91843707e-01 2.06585481e-01 3.52878056e-01 4.41947020e-01 3.64944146e-01 3.48383587e-01 9.88911641e-01 6.71447115e-01 6.33376089e-01 5.10510648e-01
3.93541766e-01 4.52374739e-01 4.16972774e-01 5.94334013e-01 2.88884616e-01 8.04891503e-01 1.57388915e-01 2.57932075e-01 6.67270763e-01 3.89308561e-01 2.96665698e-01 9.74246804e-01 4.54838588e-01 3.40490555e-01 5.99687853e-01
9.07548505e-01 7.26979686e-01 4.86813067e-01 4.14050753e-01 6.76356332e-01 6.61678847e-01 4.94788171e-01 2.74997926e-01 1.03333514e+00 4.43668374e-01 2.10713974e-01 4.76971278e-01 7.42927910e-01 3.66411940e-01 3.16773653e-01
4.27671374e-01 5.78637110e-01 6.45130221e-01 4.62201041e-01 7.53808420e-01 2.83358681e-01 5.99879045e-01 3.85983776e-01 6.35240638e-01 7.01078564e-01 5.82136434e-01 5.12708566e-01 7.08286994e-01 3.51134595e-01 4.52991157e-01
8.51395586e-01 4.08806672e-01 1.00245574e+00 1.20232359e+00 3.13708808e-01 2.77393746e-01 3.45751862e-01 3.94899158e-01 3.19021511e-01 4.22584613e-01 4.26252071e-01 4.33807282e-01 4.92471007e-01 4.67286514e-01 4.15298989e-01
7.23078084e-01 4.28402464e-01 3.53622937e-01 6.20866393e-01 2.81674631e-01 3.18629996e-01 3.09070960e-01 3.04108212e-01 2.75160691e-01 2.71051395e-01 7.21291853e-01 1.21644839e+00 6.36459090e-01 3.58833623e-01 4.84743511e-01
4.58329644e-01 4.36316761e-01 3.63683698e-01 5.54886832e-01 7.13943326e-01 6.22423619e-01 2.98017219e-01 4.04141601e-01 5.88756738e-01 4.17115248e-01 2.90233758e-01 5.14517051e-01 4.82632331e-01 3.59712231e-01 5.36313815e-01
2.45291313e-01 1.01154337e+00 2.90285012e-01 6.12790386e-01 3.47287394e-01 6.07388496e-01 3.97911616e-01 5.57175065e-01 5.03911752e-01 2.85738567e-01 8.34498552e-01 6.89266697e-01 3.71064331e-01 4.31713248e-01 5.40682690e-01
3.51430792e-01 3.36969626e-01 3.47975966e-01 5.05074994e-01 2.35834608e-01 4.71227146e-01 7.61210427e-01 4.27907327e-01 6.48072948e-01 9.05325736e-01 8.48390305e-01 3.65978959e-01 6.40046210e-01 3.98441580e-01 4.67396499e-01
1.07550430e+00 6.29829790e-01 8.70786576e-01 8.27160662e-01 2.08789999e-01 3.44001013e-01 3.31130563e-01 3.31540577e-01 3.40044201e-01 7.32108822e-01 2.48621006e-01 5.72232793e-01 4.23711598e-01 1.13817175e+00 3.88621995e-01
3.82633295e-01 2.94210161e-01 3.46050941e-01 7.10109465e-01 5.49671837e-01 3.95850268e-01 4.00121314e-01 4.47891024e-01 5.51664061e-01 4.58627065e-01 3.71617302e-01 5.47043000e-01 4.61552358e-01 8.92357560e-01 3.36508081e-01
2.58147225e-01 5.13211731e-01 5.77082343e-01 8.33889563e-01 4.13251347e-01 3.27792160e-01 2.68821923e-01 5.59273920e-01 7.29696018e-01 3.73069582e-01 4.57141610e-01 4.22721435e-01 4.14730851e-01 2.10608729e-01 3.81936383e-01
4.17691044e-01 2.61305509e-01 6.49932995e-01 5.88724993e-01 6.10644816e-01 5.24656998e-01 2.78201470e-01 2.72417362e-01 8.65512071e-01 5.74939573e-01 6.92280183e-01 1.49720796e-01 7.30318923e-01 5.72208422e-01 3.12639542e-01
4.96985358e-01 3.11522212e-01 5.81106485e-01 5.74208272e-01 5.11552386e-01 4.77906735e-01 3.54003239e-01 4.08711696e-01 5.20785658e-01 2.91507345e-01 9.24111032e-01 4.44811145e-01 5.03405758e-01 4.65767624e-01 4.69966769e-01
4.82614769e-01 3.03373803e-01 6.25017761e-01 6.87023619e-01 6.00761853e-01 3.22351220e-01 3.49321000e-01 5.48366736e-01 5.87755005e-01 3.50440409e-01 5.09403134e-01 6.00980843e-01 2.63141230e-01 3.42990657e-01 5.85222371e-01
1.25895346e+00 6.30978065e-01 2.70029354e-01 1.08202653e+00 4.36758963e-01 5.87138927e-01 1.42505424e-01 8.42510540e-01 7.09923796e-01 5.82271376e-01 4.80406106e-01 1.22615475e+00 5.31732503e-01 3.76677543e-01 9.03406239e-01
5.69798915e-01 3.69889830e-01 2.46370588e-01 5.65391393e-01 3.82781716e-01 3.29523102e-01 2.77039818e-01 3.15457748e-01 4.25401871e-01 3.74352358e-01 3.71328796e-01 5.94940846e-01 2.67964201e-01 6.00770798e-01 5.06395961e-01
4.56097037e-01 4.00207436e-01 3.54730173e-01 5.28650254e-01 4.16636671e-01 5.38459521e-01 3.39882696e-01 4.70834402e-01 3.70760761e-01 9.76042666e-01 5.04122951e-01 4.58935142e-01 6.25132030e-01 3.62945401e-01 3.68440602e-01
3.86066348e-01 4.77924200e-01 3.81613687e-01 6.15574024e-01 4.54449580e-01 4.73794616e-01 7.04145577e-01 4.93007049e-01 1.63089491e-01 5.24531178e-01 3.52190977e-01 4.09629476e-01 3.11027539e-01 6.37299891e-01 4.99534513e-01
8.45970042e-01 4.45057663e-01 9.13625968e-01 7.23369869e-01 8.55707965e-01 2.47750789e-01 5.99680163e-01 4.77662661e-01 3.80933674e-01 4.57153830e-01 3.83228441e-01 2.91160863e-01 7.11912261e-01 4.32672852e-01 3.25265672e-01
4.05540144e-01 3.98285831e-01 2.84630425e-01 5.21031622e-01 4.43996085e-01 5.73864223e-01 4.81784332e-01 2.56131471e-01 8.87118476e-01 4.06920891e-01 5.03859638e-01 3.14727911e-01 6.26466188e-01 5.82171175e-01 3.38596128e-01
6.10294792e-01 5.35396352e-01 2.48281517e-01 2.73020260e-01 3.59059536e-01 5.90491322e-01 5.12611329e-01 3.24463241e-01 4.12537831e-01 4.94474023e-01 3.88322180e-01 8.84963103e-01 1.03520139e+00 4.17877059e-01 5.50256348e-01
5.64074311e-01 4.97610839e-01 3.08623616e-01 2.59252936e-01 3.92535083e-01 8.15359860e-01 4.10300293e-01 1.13233464e+00 2.47583732e-01 2.65414525e-01 4.74382833e-01 3.85353751e-01 4.85158034e-01 4.34633777e-01 5.30744854e-01
5.38514770e-01 9.90260467e-01 6.84024063e-01 6.56535033e-01 2.60465238e-01 4.96723920e-01 5.22064348e-01 4.81181174e-01 2.83936739e-01 1.15546030e+00 6.56033959e-01 4.06393986e-01 4.23425686e-01 6.82071091e-01 2.15920109e-01
3.81183875e-01 5.94634243e-01 4.55715552e-01 9.18889380e-01 1.89753911e-01 5.76569064e-01 4.49584884e-01 4.95429238e-01 4.71330511e-01 4.49811727e-01 5.02462261e-01 2.92228323e-01 5.39657637e-01 6.83621224e-01 9.12142465e-01
4.54081448e-01 3.76896576e-01 5.25326300e-01 7.35059472e-01 6.16302404e-01 1.86264150e-01 8.32474188e-01 4.07474780e-01 1.20821441e-01 4.40688162e-01 5.20120327e-01 2.54888522e-01 2.45613414e-01 4.11441139e-01 4.18479426e-01
5.44934707e-01 3.65143935e-01 6.98615324e-01 2.10975423e-01 4.35548742e-01 3.19309249e-01 5.33041039e-01 8.02973378e-01 7.02378324e-01 5.30248923e-01 2.82724234e-01 3.41862566e-01 4.32554799e-01 6.81432809e-01 4.06796797e-01
4.34516597e-01 2.73608493e-01 3.01581436e-01 4.30838296e-01 7.92221706e-01 2.97856890e-01 1.02791327e+00 5.71622619e-01 4.28479017e-01 3.11027336e-01 9.32164926e-01 5.59545697e-01 2.14001919e-01 6.10817641e-01 7.71875791e-01
2.78306918e-01 6.06958025e-01 9.25908759e-01 3.93501737e-01 4.67634838e-01 3.99075502e-01 3.84320082e-01 3.44091588e-01 4.70315845e-01 6.32108543e-01 6.22677511e-01 4.45828716e-01 4.68670933e-01 1.92877188e-01 3.07590636e-01
5.93202524e-01 3.31923957e-01 3.64951405e-01 3.84984748e-01 2.42731414e-01 4.17847264e-01 6.32540844e-01 4.83888747e-01 5.50365276e-01 2.86079088e-01 7.47182126e-01 3.55952590e-01 6.19831132e-01 2.80539482e-01 4.36148447e-01
3.32896282e-01 5.64462243e-01 3.13569164e-01 6.47956316e-01 6.03969970e-01 4.26733187e-01 3.10382189e-01 3.29729196e-01 4.40772728e-01 3.66535638e-01 5.92617952e-01 8.04829009e-01 5.41458273e-01 1.96001761e-01 5.46750930e-01
6.68623512e-01 1.44618816e-01 7.05269421e-01 3.34807094e-01 2.87566632e-01 2.65277293e-01 4.24755927e-01 3.90911089e-01 5.80171513e-01 3.34004024e-01 4.06607634e-01 9.14432291e-01 9.01857400e-01 5.81398601e-01 4.10818070e-01
5.65507773e-01 3.04481546e-01 6.87698571e-01 7.00724822e-01 7.36294892e-01 4.84875483e-01 6.83842000e-01 4.41904887e-01 8.76097930e-01 1.02614220e+00 2.75959543e-01 5.70731860e-01 5.45243644e-01 5.52013809e-01 9.95021556e-01
